// PERMANENT GAME DATA

HIGH SCORE
200

CURRENT SCORE
200

COINS
1

LIVES
2

POWERUP
0

DIFFICULTY
0

--------------------------------------------------

// LEVEL DATA

CURRENT LEVEL
0

ON LEVEL
0

LEVEL TIMER
500

--------------------------------------------------

// PLAYER CHARACTER DATA

POSITION
128 508

JUMPING
0

GROUNDED
0

CAN MOVE
1

ANIMATION
0

CURRENT ANIMATION FRAME
0

--------------------------------------------------

// SCREEN DATA

SCREEN TYPE
2

TIMER BETWEEN SCREENS
62

SELECTED BUTTON
0

LANGUAGE
0

OPTIONS SWITCHES TEXT STRINGS
0
0
0

--------------------------------------------------

// AUDIO DATA

MUSIC INDEX
4

--------------------------------------------------

// GAME OBJECT MANAGER DATA

GAME OBJECTS
12672 128 1 0
5248 192 1 0
5440 192 1 0
12032 192 1 0
12644 192 1 0
12672 192 1 0
1408 256 1 0
5120 256 1 0
5184 256 1 0
5248 256 1 0
5312 256 1 0
5376 256 1 0
5440 256 1 0
5504 256 1 0
5568 256 1 0
5824 256 1 0
5888 256 1 0
5952 256 1 0
6016 256 1 0
6976 256 1 0
7744 256 1 0
7808 256 1 0
7872 256 1 0
8192 256 1 0
8256 256 1 0
8320 256 1 0
8384 256 1 0
12032 256 1 0
12096 256 1 0
12672 256 1 0
11968 320 1 0
12032 320 1 0
12096 320 1 0
12672 320 1 0
8832 384 1 0
11904 384 1 0
11968 384 1 0
12032 384 1 0
12096 384 1 0
12672 384 1 0
1408 448 1 0
2944 448 1 0
4096 448 1 0
10816 448 1 0
11840 448 1 0
11904 448 1 0
11968 448 1 0
12032 448 1 0
12096 448 1 0
12672 448 1 0
1024 512 1 0
1280 512 1 0
1344 512 1 0
1408 512 1 0
1472 512 1 0
1536 512 1 0
2944 512 1 0
3008 512 1 0
3648 512 1 0
3712 512 1 0
4928 512 1 0
4992 512 1 0
5056 512 1 0
6016 512 1 0
6400 512 1 0
6464 512 1 0
6784 512 1 0
6976 512 1 0
7168 512 1 0
7552 512 1 0
8256 512 1 0
8320 512 1 0
8768 512 1 0
8960 512 1 0
9664 512 1 0
9728 512 1 0
9920 512 1 0
10752 512 1 0
10816 512 1 0
10880 512 1 0
10944 512 1 0
11776 512 1 0
11840 512 1 0
11904 512 1 0
11968 512 1 0
12032 512 1 0
12096 512 1 0
12672 512 1 0
2432 576 1 0
2496 576 1 0
2944 576 1 0
3008 576 1 0
3648 576 1 0
3712 576 1 0
8704 576 1 0
8768 576 1 0
8960 576 1 0
9024 576 1 0
9600 576 1 0
9664 576 1 0
9728 576 1 0
9920 576 1 0
9984 576 1 0
11712 576 1 0
11776 576 1 0
11840 576 1 0
11904 576 1 0
11968 576 1 0
12032 576 1 0
12096 576 1 0
12672 576 1 0
1792 640 1 0
1856 640 1 0
2432 640 1 0
2496 640 1 0
2944 640 1 0
3008 640 1 0
3648 640 1 0
3712 640 1 0
8640 640 1 0
8704 640 1 0
8768 640 1 0
8960 640 1 0
9024 640 1 0
9088 640 1 0
9536 640 1 0
9600 640 1 0
9664 640 1 0
9728 640 1 0
9920 640 1 0
9984 640 1 0
10048 640 1 0
10432 640 1 0
10496 640 1 0
11456 640 1 0
11520 640 1 0
11648 640 1 0
11712 640 1 0
11776 640 1 0
11840 640 1 0
11904 640 1 0
11968 640 1 0
12032 640 1 0
12096 640 1 0
12672 640 1 0
640 704 1 0
1408 704 1 0
1792 704 1 0
1856 704 1 0
2432 704 1 0
2496 704 1 0
2688 704 1 0
2944 704 1 0
3008 704 1 0
3328 704 1 0
3648 704 1 0
3712 704 1 0
4928 704 1 0
4992 704 1 0
5056 704 1 0
5888 704 1 0
6336 704 1 0
6592 704 1 0
6912 704 1 0
7424 704 1 0
7936 704 1 0
8192 704 1 0
8576 704 1 0
8640 704 1 0
8704 704 1 0
8768 704 1 0
8960 704 1 0
9024 704 1 0
9088 704 1 0
9152 704 1 0
9472 704 1 0
9536 704 1 0
9600 704 1 0
9664 704 1 0
9728 704 1 0
9920 704 1 0
9984 704 1 0
10048 704 1 0
10112 704 1 0
10432 704 1 0
10496 704 1 0
10752 704 1 0
11136 704 1 0
11456 704 1 0
11520 704 1 0
11584 704 1 0
11648 704 1 0
11712 704 1 0
11776 704 1 0
11840 704 1 0
11904 704 1 0
11968 704 1 0
12032 704 1 0
12096 704 1 0
12672 704 1 0
0 768 1 0
64 768 1 0
128 768 1 0
192 768 1 0
256 768 1 0
320 768 1 0
384 768 1 0
448 768 1 0
512 768 1 0
576 768 1 0
640 768 1 0
704 768 1 0
768 768 1 0
832 768 1 0
896 768 1 0
960 768 1 0
1024 768 1 0
1088 768 1 0
1152 768 1 0
1216 768 1 0
1280 768 1 0
1344 768 1 0
1408 768 1 0
1472 768 1 0
1536 768 1 0
1600 768 1 0
1664 768 1 0
1728 768 1 0
1792 768 1 0
1856 768 1 0
1920 768 1 0
1984 768 1 0
2048 768 1 0
2112 768 1 0
2176 768 1 0
2240 768 1 0
2304 768 1 0
2368 768 1 0
2432 768 1 0
2496 768 1 0
2560 768 1 0
2624 768 1 0
2688 768 1 0
2752 768 1 0
2816 768 1 0
2880 768 1 0
2944 768 1 0
3008 768 1 0
3072 768 1 0
3136 768 1 0
3200 768 1 0
3264 768 1 0
3328 768 1 0
3392 768 1 0
3456 768 1 0
3520 768 1 0
3584 768 1 0
3648 768 1 0
3712 768 1 0
3776 768 1 0
3840 768 1 0
3904 768 1 0
3968 768 1 0
4032 768 1 0
4096 768 1 0
4160 768 1 0
4224 768 1 0
4288 768 1 0
4352 768 1 0
4544 768 1 0
4608 768 1 0
4672 768 1 0
4736 768 1 0
4800 768 1 0
4864 768 1 0
4928 768 1 0
4992 768 1 0
5056 768 1 0
5120 768 1 0
5184 768 1 0
5248 768 1 0
5312 768 1 0
5376 768 1 0
5440 768 1 0
5696 768 1 0
5760 768 1 0
5824 768 1 0
5888 768 1 0
5952 768 1 0
6016 768 1 0
6080 768 1 0
6144 768 1 0
6208 768 1 0
6272 768 1 0
6336 768 1 0
6400 768 1 0
6464 768 1 0
6528 768 1 0
6592 768 1 0
6656 768 1 0
6720 768 1 0
6784 768 1 0
6848 768 1 0
6912 768 1 0
6976 768 1 0
7040 768 1 0
7104 768 1 0
7168 768 1 0
7232 768 1 0
7296 768 1 0
7360 768 1 0
7424 768 1 0
7488 768 1 0
7552 768 1 0
7616 768 1 0
7680 768 1 0
7744 768 1 0
7808 768 1 0
7872 768 1 0
7936 768 1 0
8000 768 1 0
8064 768 1 0
8128 768 1 0
8192 768 1 0
8256 768 1 0
8320 768 1 0
8384 768 1 0
8448 768 1 0
8512 768 1 0
8576 768 1 0
8640 768 1 0
8704 768 1 0
8768 768 1 0
8832 768 1 0
8896 768 1 0
8960 768 1 0
9024 768 1 0
9088 768 1 0
9152 768 1 0
9216 768 1 0
9280 768 1 0
9344 768 1 0
9408 768 1 0
9472 768 1 0
9536 768 1 0
9600 768 1 0
9664 768 1 0
9728 768 1 0
9920 768 1 0
9984 768 1 0
10048 768 1 0
10112 768 1 0
10176 768 1 0
10240 768 1 0
10304 768 1 0
10368 768 1 0
10432 768 1 0
10496 768 1 0
10560 768 1 0
10624 768 1 0
10688 768 1 0
10752 768 1 0
10816 768 1 0
10880 768 1 0
10944 768 1 0
11008 768 1 0
11072 768 1 0
11136 768 1 0
11200 768 1 0
11264 768 1 0
11328 768 1 0
11392 768 1 0
11456 768 1 0
11520 768 1 0
11584 768 1 0
11648 768 1 0
11712 768 1 0
11776 768 1 0
11840 768 1 0
11904 768 1 0
11968 768 1 0
12032 768 1 0
12096 768 1 0
12160 768 1 0
12224 768 1 0
12288 768 1 0
12352 768 1 0
12416 768 1 0
12480 768 1 0
12544 768 1 0
12608 768 1 0
12672 768 1 0
12736 768 1 0
12800 768 1 0
12864 768 1 0
12928 768 1 0
12992 768 1 0
13056 768 1 0
13120 768 1 0
13184 768 1 0
13248 768 1 0
13312 768 1 0
13376 768 1 0
13440 768 1 0
13504 768 1 0
0 832 1 0
64 832 1 0
128 832 1 0
192 832 1 0
256 832 1 0
320 832 1 0
384 832 1 0
448 832 1 0
512 832 1 0
576 832 1 0
640 832 1 0
704 832 1 0
768 832 1 0
832 832 1 0
896 832 1 0
960 832 1 0
1024 832 1 0
1088 832 1 0
1152 832 1 0
1216 832 1 0
1280 832 1 0
1344 832 1 0
1408 832 1 0
1472 832 1 0
1536 832 1 0
1600 832 1 0
1664 832 1 0
1728 832 1 0
1792 832 1 0
1856 832 1 0
1920 832 1 0
1984 832 1 0
2048 832 1 0
2112 832 1 0
2176 832 1 0
2240 832 1 0
2304 832 1 0
2368 832 1 0
2432 832 1 0
2496 832 1 0
2560 832 1 0
2624 832 1 0
2688 832 1 0
2752 832 1 0
2816 832 1 0
2880 832 1 0
2944 832 1 0
3008 832 1 0
3072 832 1 0
3136 832 1 0
3200 832 1 0
3264 832 1 0
3328 832 1 0
3392 832 1 0
3456 832 1 0
3520 832 1 0
3584 832 1 0
3648 832 1 0
3712 832 1 0
3776 832 1 0
3840 832 1 0
3904 832 1 0
3968 832 1 0
4032 832 1 0
4096 832 1 0
4160 832 1 0
4224 832 1 0
4288 832 1 0
4352 832 1 0
4544 832 1 0
4608 832 1 0
4672 832 1 0
4736 832 1 0
4800 832 1 0
4864 832 1 0
4928 832 1 0
4992 832 1 0
5056 832 1 0
5120 832 1 0
5184 832 1 0
5248 832 1 0
5312 832 1 0
5376 832 1 0
5440 832 1 0
5696 832 1 0
5760 832 1 0
5824 832 1 0
5888 832 1 0
5952 832 1 0
6016 832 1 0
6080 832 1 0
6144 832 1 0
6208 832 1 0
6272 832 1 0
6336 832 1 0
6400 832 1 0
6464 832 1 0
6528 832 1 0
6592 832 1 0
6656 832 1 0
6720 832 1 0
6784 832 1 0
6848 832 1 0
6912 832 1 0
6976 832 1 0
7040 832 1 0
7104 832 1 0
7168 832 1 0
7232 832 1 0
7296 832 1 0
7360 832 1 0
7424 832 1 0
7488 832 1 0
7552 832 1 0
7616 832 1 0
7680 832 1 0
7744 832 1 0
7808 832 1 0
7872 832 1 0
7936 832 1 0
8000 832 1 0
8064 832 1 0
8128 832 1 0
8192 832 1 0
8256 832 1 0
8320 832 1 0
8384 832 1 0
8448 832 1 0
8512 832 1 0
8576 832 1 0
8640 832 1 0
8704 832 1 0
8768 832 1 0
8832 832 1 0
8896 832 1 0
8960 832 1 0
9024 832 1 0
9088 832 1 0
9152 832 1 0
9216 832 1 0
9280 832 1 0
9344 832 1 0
9408 832 1 0
9472 832 1 0
9536 832 1 0
9600 832 1 0
9664 832 1 0
9728 832 1 0
9920 832 1 0
9984 832 1 0
10048 832 1 0
10112 832 1 0
10176 832 1 0
10240 832 1 0
10304 832 1 0
10368 832 1 0
10432 832 1 0
10496 832 1 0
10560 832 1 0
10624 832 1 0
10688 832 1 0
10752 832 1 0
10816 832 1 0
10880 832 1 0
10944 832 1 0
11008 832 1 0
11072 832 1 0
11136 832 1 0
11200 832 1 0
11264 832 1 0
11328 832 1 0
11392 832 1 0
11456 832 1 0
11520 832 1 0
11584 832 1 0
11648 832 1 0
11712 832 1 0
11776 832 1 0
11840 832 1 0
11904 832 1 0
11968 832 1 0
12032 832 1 0
12096 832 1 0
12160 832 1 0
12224 832 1 0
12288 832 1 0
12352 832 1 0
12416 832 1 0
12480 832 1 0
12544 832 1 0
12608 832 1 0
12672 832 1 0
12736 832 1 0
12800 832 1 0
12864 832 1 0
12928 832 1 0
12992 832 1 0
13056 832 1 0
13120 832 1 0
13184 832 1 0
13248 832 1 0
13312 832 1 0
13376 832 1 0
13440 832 1 0
13504 832 1 0

